2 0.03917910447761194 0.4005102040816326 0.04353233830845771 0.15816326530612243
2 0.06902985074626866 0.3954081632653061 0.048507462686567165 0.20918367346938774
2 0.1281094527363184 0.29591836734693877 0.06467661691542288 0.3724489795918367
6 0.1287313432835821 0.3647959183673469 0.04353233830845771 0.29081632653061223
2 0.4583333333333333 0.2818877551020408 0.13308457711442787 0.4209183673469387
1 0.8327114427860697 0.1645408163265306 0.1455223880597015 0.211734693877551
0 0.9477611940298507 0.17346938775510204 0.04975124378109452 0.11224489795918366
0 0.806592039800995 0.1415816326530612 0.060945273631840796 0.08928571428571427
0 0.8662935323383084 0.24617346938775508 0.03109452736318408 0.10459183673469387
3 0.7910447761194029 0.33035714285714285 0.06218905472636816 0.1913265306122449
