0 0.34266169154228854 0.43827160493827155 0.06840796019900497 0.09259259259259259
0 0.320273631840796 0.6265432098765432 0.026119402985074626 0.14814814814814814
2 0.3743781094527363 0.8379629629629629 0.08706467661691542 0.09567901234567901
2 0.4546019900497512 0.6141975308641975 0.14054726368159204 0.5061728395061729
7 0.5186567164179104 0.7098765432098765 0.06716417910447761 0.2037037037037037
0 0.7282338308457711 0.5972222222222222 0.055970149253731345 0.1450617283950617
2 0.835820895522388 0.5046296296296297 0.21393034825870647 0.4845679012345679
7 0.8861940298507462 0.4367283950617284 0.09328358208955223 0.21913580246913578
0 0.9203980099502488 0.43209876543209874 0.03980099502487562 0.12962962962962962
2 0.8488805970149254 0.5385802469135802 0.09079601990049752 0.29320987654320985
0 0.4166666666666667 0.8595679012345678 0.06716417910447761 0.07716049382716049
0 0.8880597014925373 0.5833333333333333 0.04228855721393035 0.1419753086419753
