2 0.04415422885572139 0.5372023809523809 0.08582089552238806 0.19345238095238093
6 0.036069651741293535 0.1949404761904762 0.06965174129353234 0.22916666666666666
2 0.03296019900497513 0.23958333333333331 0.06343283582089553 0.12797619047619047
5 0.4197761194029851 0.12202380952380952 0.11069651741293532 0.14285714285714285
2 0.38868159203980096 0.19345238095238093 0.02860696517412935 0.1607142857142857
2 0.7543532338308457 0.3630952380952381 0.0236318407960199 0.17857142857142855
2 0.7431592039800995 0.5580357142857143 0.018656716417910446 0.17559523809523808
2 0.7779850746268656 0.4821428571428571 0.04353233830845771 0.1607142857142857
2 0.7649253731343283 0.6711309523809523 0.04228855721393035 0.2113095238095238
3 0.775497512437811 0.6458333333333333 0.048507462686567165 0.2738095238095238
2 0.804726368159204 0.6949404761904762 0.03980099502487562 0.33035714285714285
0 0.8519900497512438 0.48363095238095233 0.06218905472636816 0.09821428571428571
2 0.8625621890547264 0.5178571428571428 0.06343283582089553 0.11309523809523808
0 0.8781094527363184 0.53125 0.05970149253731343 0.09226190476190475
