3 0.06840796019900497 0.10042735042735043 0.11194029850746269 0.0811965811965812
2 0.08146766169154229 0.11004273504273505 0.06343283582089553 0.04914529914529915
1 0.17350746268656717 0.3792735042735043 0.09328358208955223 0.3183760683760684
2 0.034203980099502485 0.38354700854700857 0.06592039800995025 0.057692307692307696
2 0.5124378109452736 0.7083333333333334 0.12189054726368159 0.11752136752136753
2 0.5111940298507462 0.4604700854700855 0.07213930348258707 0.061965811965811975
0 0.7804726368159204 0.38888888888888895 0.033582089552238806 0.11111111111111112
2 0.8544776119402985 0.3685897435897436 0.1417910447761194 0.34829059829059833
6 0.8625621890547264 0.2948717948717949 0.07835820895522388 0.2136752136752137
3 0.847636815920398 0.2692307692307693 0.12064676616915422 0.15811965811965814
5 0.9116915422885572 0.5 0.05970149253731343 0.18376068376068377
2 0.8774875621890547 0.2681623931623932 0.04353233830845771 0.11752136752136753
