2 0.09203980099502487 0.35989010989010994 0.02736318407960199 0.18131868131868134
3 0.09328358208955223 0.7046703296703297 0.0572139303482587 0.25549450549450553
2 0.16977611940298507 0.38324175824175827 0.16791044776119401 0.21153846153846156
0 0.5242537313432836 0.42719780219780223 0.026119402985074626 0.1620879120879121
2 0.5777363184079601 0.5810439560439561 0.07338308457711443 0.11813186813186814
2 0.7238805970149254 0.4958791208791209 0.0845771144278607 0.35989010989010994
2 0.7021144278606966 0.15247252747252749 0.07587064676616916 0.09615384615384616
2 0.7238805970149254 0.41483516483516486 0.03980099502487562 0.15384615384615385
1 0.6480099502487562 0.34065934065934067 0.1144278606965174 0.4835164835164836
2 0.931592039800995 0.2087912087912088 0.09950248756218905 0.08241758241758243
2 0.9595771144278606 0.26373626373626374 0.06592039800995025 0.1098901098901099
2 0.9365671641791045 0.3516483516483517 0.1144278606965174 0.13736263736263737
