0 0.3140547263681592 0.42857142857142855 0.055970149253731345 0.04887218045112782
0 0.3215174129353234 0.468984962406015 0.06343283582089553 0.043233082706766915
0 0.34639303482587064 0.44924812030075184 0.053482587064676616 0.045112781954887216
7 0.3333333333333333 0.5968045112781954 0.09950248756218905 0.10338345864661654
2 0.3171641791044776 0.6052631578947368 0.07462686567164178 0.06766917293233082
2 0.6958955223880597 0.4915413533834586 0.06592039800995025 0.09962406015037593
0 0.8165422885572139 0.3656015037593985 0.036069651741293535 0.09962406015037593
2 0.9347014925373134 0.681390977443609 0.07587064676616916 0.11466165413533834
0 0.6088308457711442 0.638157894736842 0.05099502487562189 0.05451127819548872
0 0.6125621890547264 0.6578947368421052 0.06343283582089553 0.04887218045112782
7 0.7151741293532338 0.45676691729323304 0.11194029850746269 0.15789473684210525
