0 0.020522388059701493 0.3236111111111111 0.021144278606965175 0.1527777777777778
3 0.3370646766169154 0.14166666666666666 0.11691542288557213 0.15555555555555556
2 0.3376865671641791 0.13333333333333333 0.07587064676616916 0.05
2 0.35136815920398007 0.13194444444444445 0.222636815920398 0.14166666666666666
2 0.39116915422885573 0.7027777777777778 0.09577114427860696 0.07777777777777778
0 0.47014925373134325 0.15694444444444444 0.0572139303482587 0.09722222222222222
0 0.4956467661691542 0.2111111111111111 0.0236318407960199 0.15555555555555556
1 0.8246268656716418 0.20277777777777778 0.15671641791044777 0.10555555555555556
2 0.8146766169154229 0.14027777777777778 0.08208955223880597 0.04722222222222222
0 0.9203980099502488 0.3513888888888889 0.01990049751243781 0.13611111111111113
