6 0.023009950248756218 0.6935840707964601 0.041044776119402986 0.16592920353982302
2 0.056592039800995024 0.6991150442477876 0.11069651741293532 0.1327433628318584
0 0.19651741293532338 0.8517699115044247 0.02487562189054726 0.11061946902654868
2 0.27114427860696516 0.8097345132743363 0.06467661691542288 0.061946902654867256
9 0.21393034825870647 0.8373893805309734 0.05472636815920398 0.06858407079646017
0 0.6305970149253731 0.7776548672566371 0.01990049751243781 0.1172566371681416
6 0.7587064676616915 0.8252212389380531 0.13432835820895522 0.13716814159292035
0 0.7195273631840796 0.8429203539823009 0.06592039800995025 0.022123893805309734
0 0.7101990049751243 0.8639380530973452 0.06965174129353234 0.024336283185840708
2 0.7468905472636815 0.5099557522123894 0.08333333333333333 0.10398230088495575
2 0.7568407960199005 0.7466814159292036 0.22014925373134328 0.14380530973451328
