2 0.7885572139303483 0.44782608695652176 0.09950248756218905 0.06521739130434782
2 0.8526119402985074 0.5271739130434783 0.03109452736318408 0.11521739130434783
2 0.8501243781094527 0.5565217391304348 0.04353233830845771 0.13478260869565217
2 0.5764925373134329 0.7086956521739131 0.05845771144278607 0.1391304347826087
2 0.34950248756218905 0.3293478260869565 0.1616915422885572 0.03695652173913044
6 0.18159203980099503 0.4673913043478261 0.07462686567164178 0.2956521739130435
3 0.21144278606965175 0.40652173913043477 0.09203980099502487 0.16521739130434782
0 0.8314676616915423 0.7086956521739131 0.06592039800995025 0.05652173913043478
0 0.7580845771144279 0.3989130434782609 0.05845771144278607 0.05
0 0.26741293532338306 0.6282608695652174 0.05970149253731343 0.0391304347826087
0 0.2891791044776119 0.6043478260869565 0.060945273631840796 0.026086956521739132
0 0.16293532338308458 0.16956521739130434 0.0572139303482587 0.06521739130434782
