2 0.20833333333333334 0.27625 0.026119402985074626 0.1525
2 0.2798507462686567 0.2725 0.07711442786069651 0.12
0 0.3849502487562189 0.1275 0.048507462686567165 0.12
0 0.17537313432835822 0.36375 0.02736318407960199 0.1475
1 0.27114427860696516 0.16 0.17164179104477612 0.23
2 0.6878109452736318 0.6 0.03731343283582089 0.18
0 0.7730099502487562 0.585 0.06592039800995025 0.04
2 0.7935323383084577 0.425 0.02736318407960199 0.3
2 0.7873134328358209 0.52125 0.07462686567164178 0.0925
2 0.7624378109452736 0.39125 0.03980099502487562 0.1675
3 0.8128109452736318 0.37625000000000003 0.10572139303482588 0.0725
