2 0.030472636815920398 0.5701530612244897 0.05845771144278607 0.18112244897959182
2 0.46828358208955223 0.5765306122448979 0.06343283582089553 0.29591836734693877
3 0.3582089552238806 0.38137755102040816 0.06218905472636816 0.22193877551020405
6 0.31902985074626866 0.24999999999999997 0.08582089552238806 0.24999999999999997
2 0.9011194029850746 0.34183673469387754 0.06343283582089553 0.1020408163265306
2 0.9782338308457711 0.298469387755102 0.03109452736318408 0.061224489795918366
0 0.2842039800995025 0.5280612244897959 0.03855721393034826 0.12755102040816327
0 0.2736318407960199 0.5446428571428571 0.03233830845771144 0.1096938775510204
0 0.4577114427860696 0.11607142857142856 0.06467661691542288 0.06377551020408163
0 0.36007462686567165 0.3647959183673469 0.05845771144278607 0.12755102040816327
0 0.8513681592039801 0.7308673469387754 0.06840796019900497 0.09438775510204081
