1 0.0808457711442786 0.1404109589041096 0.15920398009950248 0.136986301369863
2 0.0808457711442786 0.28253424657534243 0.1417910447761194 0.1541095890410959
2 0.027985074626865673 0.3253424657534246 0.053482587064676616 0.03424657534246575
2 0.053482587064676616 0.285958904109589 0.08706467661691542 0.04452054794520548
3 0.08644278606965174 0.25513698630136983 0.11069651741293532 0.1404109589041096
0 0.21890547263681592 0.21232876712328766 0.022388059701492536 0.1780821917808219
2 0.5012437810945274 0.5547945205479452 0.07711442786069651 0.13013698630136986
0 0.527363184079602 0.5273972602739726 0.06218905472636816 0.10273972602739725
6 0.4944029850746269 0.3458904109589041 0.222636815920398 0.18493150684931506
2 0.4601990049751244 0.273972602739726 0.09950248756218905 0.08904109589041095
2 0.5528606965174129 0.26883561643835613 0.08333333333333333 0.07191780821917808
