0 0.08052434456928839 0.4627906976744186 0.046192259675405745 0.12093023255813953
7 0.06117353308364545 0.5430232558139535 0.06741573033707865 0.2255813953488372
0 0.09113607990012484 0.3186046511627907 0.03495630461922597 0.08837209302325581
2 0.08801498127340825 0.2616279069767442 0.14856429463171036 0.08604651162790697
2 0.12047440699126093 0.21744186046511627 0.23845193508114856 0.2441860465116279
2 0.25593008739076156 0.1686046511627907 0.04244694132334582 0.14651162790697675
2 0.5742821473158551 0.20232558139534884 0.09238451935081149 0.08837209302325581
7 0.5305867665418227 0.13837209302325582 0.10486891385767791 0.1372093023255814
2 0.5349563046192259 0.14534883720930233 0.2184769038701623 0.1325581395348837
0 0.5099875156054932 0.4965116279069767 0.066167290886392 0.07209302325581396
0 0.8845193508114857 0.2941860465116279 0.09363295880149813 0.1511627906976744
2 0.8813982521847691 0.3302325581395349 0.23220973782771537 0.16279069767441862
0 0.8732833957553059 0.6825581395348838 0.066167290886392 0.06744186046511627
