0 0.016853932584269662 0.21513353115727005 0.026217228464419477 0.1632047477744807
2 0.26529338327091134 0.5890207715133532 0.07865168539325842 0.08605341246290801
2 0.16666666666666666 0.556379821958457 0.08364544319600499 0.18694362017804156
0 0.22347066167290885 0.4629080118694362 0.05493133583021224 0.11869436201780416
0 0.2153558052434457 0.38724035608308605 0.05368289637952559 0.10385756676557864
0 0.7559300873907615 0.21810089020771514 0.0686641697877653 0.06824925816023739
1 0.7471910112359551 0.5014836795252225 0.10362047440699126 0.5163204747774481
5 0.7915106117353309 0.4510385756676558 0.06491885143570537 0.26112759643916916
3 0.764669163545568 0.655786350148368 0.046192259675405745 0.3264094955489614
2 0.7434456928838952 0.7744807121661721 0.08114856429463171 0.08308605341246292
2 0.7471910112359551 0.8189910979228487 0.08114856429463171 0.06528189910979229
