6 0.9776119402985074 0.21250000000000002 0.03233830845771144 0.30625
0 0.5329601990049752 0.49843750000000003 0.06840796019900497 0.09062500000000001
2 0.5068407960199005 0.40625 0.03855721393034826 0.21875
2 0.4981343283582089 0.340625 0.048507462686567165 0.23125
0 0.4956467661691542 0.17343750000000002 0.03109452736318408 0.153125
6 0.4577114427860696 0.36250000000000004 0.0572139303482587 0.325
2 0.46082089552238803 0.1953125 0.03855721393034826 0.203125
2 0.17661691542288557 0.48750000000000004 0.0572139303482587 0.30000000000000004
0 0.1722636815920398 0.890625 0.0708955223880597 0.06875
1 0.16293532338308458 0.5234375 0.09203980099502487 0.453125
2 0.08644278606965174 0.503125 0.046019900497512436 0.25
2 0.08644278606965174 0.55 0.021144278606965175 0.20625000000000002
0 0.0640547263681592 0.43125 0.02860696517412935 0.16875
0 0.11194029850746269 0.22812500000000002 0.06467661691542288 0.09375
