2 0.43159203980099503 0.48801369863013694 0.05970149253731343 0.2089041095890411
2 0.47139303482587064 0.595890410958904 0.16666666666666666 0.1095890410958904
0 0.43718905472636815 0.5256849315068493 0.048507462686567165 0.1541095890410959
0 0.47761194029850745 0.5188356164383562 0.06716417910447761 0.1267123287671233
6 0.22388059701492538 0.636986301369863 0.06218905472636816 0.4726027397260274
2 0.25 0.6558219178082192 0.04477611940298507 0.14726027397260272
0 0.222636815920398 0.4777397260273972 0.02736318407960199 0.1267123287671233
6 0.8389303482587065 0.2054794520547945 0.13557213930348258 0.21232876712328766
5 0.8451492537313433 0.1506849315068493 0.06592039800995025 0.1780821917808219
2 0.8146766169154229 0.22773972602739725 0.2064676616915423 0.3390410958904109
2 0.8345771144278606 0.3886986301369863 0.11194029850746269 0.1952054794520548
