9 0.3171641791044776 0.5079787234042553 0.03980099502487562 0.1276595744680851
0 0.30161691542288555 0.3976063829787234 0.0236318407960199 0.14627659574468085
2 0.34328358208955223 0.3603723404255319 0.05472636815920398 0.14095744680851063
0 0.3383084577114428 0.24202127659574468 0.06218905472636816 0.05851063829787234
0 0.7531094527363184 0.32180851063829785 0.053482587064676616 0.0851063829787234
3 0.8407960199004975 0.375 0.0945273631840796 0.18617021276595744
3 0.8146766169154229 0.2220744680851064 0.11691542288557213 0.14095744680851063
2 0.7798507462686567 0.2180851063829787 0.07960199004975124 0.06382978723404255
1 0.835820895522388 0.2553191489361702 0.17661691542288557 0.2074468085106383
0 0.929726368159204 0.4175531914893617 0.01616915422885572 0.14361702127659573
